2928
-0.82773333
-0.82773333
-0.82773333
0
0
-0.82773333
-0.82773333
-0.82773333
0.8708
-0.86340976
-0.86340976
0
0
0.8708
-0.86340976
-0.86340976
-0.82773333
-0.82773333
0.82773333
0
0
-0.82773333
-0.82773333
0.82773333
-0.82773333
-0.82773333
0.82773333
0
0
-0.82773333
-0.82773333
0.82773333
-0.82773333
0.82773333
-0.82773333
0
0
-0.82773333
0.82773333
-0.82773333
-0.82773333
-0.82773333
-0.82773333
0
0
-0.82773333
-0.82773333
-0.82773333
-0.82773333
-0.82773333
0.82773333
0
0
-0.82773333
-0.82773333
0.82773333
0.8708
-0.86340976
-0.86340976
0
0
0.8708
-0.86340976
-0.86340976
0.8708
-0.86340976
0.86340976
0
0
0.8708
-0.86340976
0.86340976
-0.82773333
-0.82773333
0.82773333
0
0
-0.82773333
-0.82773333
0.82773333
0.8708
0.86340976
0.86340976
0
0
0.8708
0.86340976
0.86340976
-0.82773333
0.82773333
0.82773333
0
0
-0.82773333
0.82773333
0.82773333
-0.82773333
0.82773333
-0.82773333
0
0
-0.82773333
0.82773333
-0.82773333
0.8708
-0.86340976
-0.86340976
0
0
0.8708
-0.86340976
-0.86340976
-0.82773333
-0.82773333
-0.82773333
0
0
-0.82773333
-0.82773333
-0.82773333
-0.82773333
0.82773333
-0.82773333
0
0
-0.82773333
0.82773333
-0.82773333
0.8708
0.86340976
0.86340976
0
0
0.8708
0.86340976
0.86340976
0.8708
0.86340976
-0.86340976
0
0
0.8708
0.86340976
-0.86340976
-0.82773333
0.82773333
0.82773333
0
0
-0.82773333
0.82773333
0.82773333
-0.82773333
0.82773333
-0.82773333
0
0
-0.82773333
0.82773333
-0.82773333
-0.82773333
-0.82773333
0.82773333
0
0
-0.82773333
-0.82773333
0.82773333
-0.82773333
0.82773333
0.82773333
0
0
-0.82773333
0.82773333
0.82773333
0.8708
0.86340976
0.86340976
0
0
0.8708
0.86340976
0.86340976
-0.82773333
0.82773333
-0.82773333
0
0
-0.82773333
0.82773333
-0.82773333
0.8708
-0.86340976
-0.86340976
0
0
0.8708
-0.86340976
-0.86340976
1.01340322
-0.6789512
0.6789512
0
0
1.01340322
-0.6789512
0.6789512
0.8708
-0.86340976
0.86340976
0
0
0.8708
-0.86340976
0.86340976
0.8708
-0.86340976
0.86340976
0
0
0.8708
-0.86340976
0.86340976
0.8708
0.86340976
0.86340976
0
0
0.8708
0.86340976
0.86340976
-0.82773333
-0.82773333
0.82773333
0
0
-0.82773333
-0.82773333
0.82773333
0.8708
-0.86340976
0.86340976
0
0
0.8708
-0.86340976
0.86340976
1.01340322
-0.6789512
0.6789512
0
0
1.01340322
-0.6789512
0.6789512
0.8708
0.86340976
0.86340976
0
0
0.8708
0.86340976
0.86340976
0.8708
0.86340976
-0.86340976
0
0
0.8708
0.86340976
-0.86340976
0.8708
-0.86340976
-0.86340976
0
0
0.8708
-0.86340976
-0.86340976
-0.82773333
0.82773333
-0.82773333
0
0
-0.82773333
0.82773333
-0.82773333
0.8708
0.86340976
-0.86340976
0
0
0.8708
0.86340976
-0.86340976
1.01340322
0.6789512
-0.6789512
0
0
1.01340322
0.6789512
-0.6789512
0.8708
-0.86340976
-0.86340976
0
0
0.8708
-0.86340976
-0.86340976
0.8708
0.86340976
0.86340976
0
0
0.8708
0.86340976
0.86340976
1.01340322
0.6789512
-0.6789512
0
0
1.01340322
0.6789512
-0.6789512
0.8708
0.86340976
-0.86340976
0
0
0.8708
0.86340976
-0.86340976
1.01340322
-0.6789512
0.6789512
0
0
1.01340322
-0.6789512
0.6789512
0.8708
-0.86340976
-0.86340976
0
0
0.8708
-0.86340976
-0.86340976
1.01340322
-0.6789512
-0.6789512
0
0
1.01340322
-0.6789512
-0.6789512
1.01340322
-0.6789512
0.6789512
0
0
1.01340322
-0.6789512
0.6789512
1.19407693
0.66652919
0.66652919
0
0
1.19407693
0.66652919
0.66652919
1.01340322
0.6789512
0.6789512
0
0
1.01340322
0.6789512
0.6789512
1.01340322
-0.6789512
-0.6789512
0
0
1.01340322
-0.6789512
-0.6789512
0.8708
-0.86340976
-0.86340976
0
0
0.8708
-0.86340976
-0.86340976
1.01340322
0.6789512
-0.6789512
0
0
1.01340322
0.6789512
-0.6789512
1.01340322
-0.6789512
-0.6789512
0
0
1.01340322
-0.6789512
-0.6789512
1.19407693
-0.66652919
-0.66652919
0
0
1.19407693
-0.66652919
-0.66652919
1.01340322
-0.6789512
0.6789512
0
0
1.01340322
-0.6789512
0.6789512
1.01340322
0.6789512
-0.6789512
0
0
1.01340322
0.6789512
-0.6789512
0.8708
0.86340976
0.86340976
0
0
0.8708
0.86340976
0.86340976
1.01340322
0.6789512
0.6789512
0
0
1.01340322
0.6789512
0.6789512
1.01340322
0.6789512
-0.6789512
0
0
1.01340322
0.6789512
-0.6789512
1.19407693
-0.66652919
-0.66652919
0
0
1.19407693
-0.66652919
-0.66652919
1.01340322
-0.6789512
-0.6789512
0
0
1.01340322
-0.6789512
-0.6789512
1.01340322
0.6789512
0.6789512
0
0
1.01340322
0.6789512
0.6789512
0.8708
0.86340976
0.86340976
0
0
0.8708
0.86340976
0.86340976
1.01340322
-0.6789512
0.6789512
0
0
1.01340322
-0.6789512
0.6789512
1.01340322
0.6789512
0.6789512
0
0
1.01340322
0.6789512
0.6789512
1.19407693
0.66652919
0.66652919
0
0
1.19407693
0.66652919
0.66652919
1.01340322
0.6789512
-0.6789512
0
0
1.01340322
0.6789512
-0.6789512
1.19407693
-0.66652919
0.66652919
0
0
1.19407693
-0.66652919
0.66652919
1.01340322
-0.6789512
0.6789512
0
0
1.01340322
-0.6789512
0.6789512
1.19407693
-0.66652919
-0.66652919
0
0
1.19407693
-0.66652919
-0.66652919
1.19407693
-0.66652919
0.66652919
0
0
1.19407693
-0.66652919
0.66652919
1.19407693
0.66652919
0.66652919
0
0
1.19407693
0.66652919
0.66652919
1.01340322
-0.6789512
0.6789512
0
0
1.01340322
-0.6789512
0.6789512
1.19407693
-0.66652919
0.66652919
0
0
1.19407693
-0.66652919
0.66652919
1.21828274
-0.54093742
0.54093742
0
0
1.21828274
-0.54093742
0.54093742
1.19407693
0.66652919
0.66652919
0
0
1.19407693
0.66652919
0.66652919
1.19407693
-0.66652919
-0.66652919
0
0
1.19407693
-0.66652919
-0.66652919
1.01340322
0.6789512
-0.6789512
0
0
1.01340322
0.6789512
-0.6789512
1.19407693
0.66652919
-0.66652919
0
0
1.19407693
0.66652919
-0.66652919
1.19407693
-0.66652919
-0.66652919
0
0
1.19407693
-0.66652919
-0.66652919
1.21828274
-0.54093742
0.54093742
0
0
1.21828274
-0.54093742
0.54093742
1.19407693
-0.66652919
0.66652919
0
0
1.19407693
-0.66652919
0.66652919
1.19407693
0.66652919
-0.66652919
0
0
1.19407693
0.66652919
-0.66652919
1.01340322
0.6789512
-0.6789512
0
0
1.01340322
0.6789512
-0.6789512
1.19407693
0.66652919
0.66652919
0
0
1.19407693
0.66652919
0.66652919
1.19407693
0.66652919
-0.66652919
0
0
1.19407693
0.66652919
-0.66652919
1.21828274
0.54093742
-0.54093742
0
0
1.21828274
0.54093742
-0.54093742
1.19407693
-0.66652919
-0.66652919
0
0
1.19407693
-0.66652919
-0.66652919
1.19407693
0.66652919
0.66652919
0
0
1.19407693
0.66652919
0.66652919
1.21828274
0.54093742
-0.54093742
0
0
1.21828274
0.54093742
-0.54093742
1.19407693
0.66652919
-0.66652919
0
0
1.19407693
0.66652919
-0.66652919
1.21828274
-0.54093742
0.54093742
0
0
1.21828274
-0.54093742
0.54093742
1.19407693
-0.66652919
-0.66652919
0
0
1.19407693
-0.66652919
-0.66652919
1.21828274
-0.54093742
-0.54093742
0
0
1.21828274
-0.54093742
-0.54093742
1.21828274
-0.54093742
0.54093742
0
0
1.21828274
-0.54093742
0.54093742
1.36390036
0.53107927
0.53107927
0
0
1.36390036
0.53107927
0.53107927
1.21828274
0.54093742
0.54093742
0
0
1.21828274
0.54093742
0.54093742
1.21828274
-0.54093742
-0.54093742
0
0
1.21828274
-0.54093742
-0.54093742
1.19407693
-0.66652919
-0.66652919
0
0
1.19407693
-0.66652919
-0.66652919
1.21828274
0.54093742
-0.54093742
0
0
1.21828274
0.54093742
-0.54093742
1.21828274
-0.54093742
-0.54093742
0
0
1.21828274
-0.54093742
-0.54093742
1.36390036
-0.53107927
-0.53107927
0
0
1.36390036
-0.53107927
-0.53107927
1.21828274
-0.54093742
0.54093742
0
0
1.21828274
-0.54093742
0.54093742
1.21828274
0.54093742
-0.54093742
0
0
1.21828274
0.54093742
-0.54093742
1.19407693
0.66652919
0.66652919
0
0
1.19407693
0.66652919
0.66652919
1.21828274
0.54093742
0.54093742
0
0
1.21828274
0.54093742
0.54093742
1.21828274
0.54093742
-0.54093742
0
0
1.21828274
0.54093742
-0.54093742
1.36390036
-0.53107927
-0.53107927
0
0
1.36390036
-0.53107927
-0.53107927
1.21828274
-0.54093742
-0.54093742
0
0
1.21828274
-0.54093742
-0.54093742
1.21828274
0.54093742
0.54093742
0
0
1.21828274
0.54093742
0.54093742
1.19407693
0.66652919
0.66652919
0
0
1.19407693
0.66652919
0.66652919
1.21828274
-0.54093742
0.54093742
0
0
1.21828274
-0.54093742
0.54093742
1.21828274
0.54093742
0.54093742
0
0
1.21828274
0.54093742
0.54093742
1.36390036
0.53107927
0.53107927
0
0
1.36390036
0.53107927
0.53107927
1.21828274
0.54093742
-0.54093742
0
0
1.21828274
0.54093742
-0.54093742
1.36390036
-0.53107927
0.53107927
0
0
1.36390036
-0.53107927
0.53107927
1.21828274
-0.54093742
0.54093742
0
0
1.21828274
-0.54093742
0.54093742
1.36390036
-0.53107927
-0.53107927
0
0
1.36390036
-0.53107927
-0.53107927
1.36390036
-0.53107927
0.53107927
0
0
1.36390036
-0.53107927
0.53107927
1.36390036
0.53107927
0.53107927
0
0
1.36390036
0.53107927
0.53107927
1.21828274
-0.54093742
0.54093742
0
0
1.21828274
-0.54093742
0.54093742
1.36390036
-0.53107927
0.53107927
0
0
1.36390036
-0.53107927
0.53107927
1.41603288
-0.41061413
0.41061413
0
0
1.41603288
-0.41061413
0.41061413
1.36390036
0.53107927
0.53107927
0
0
1.36390036
0.53107927
0.53107927
1.36390036
-0.53107927
-0.53107927
0
0
1.36390036
-0.53107927
-0.53107927
1.21828274
0.54093742
-0.54093742
0
0
1.21828274
0.54093742
-0.54093742
1.36390036
0.53107927
-0.53107927
0
0
1.36390036
0.53107927
-0.53107927
1.36390036
-0.53107927
-0.53107927
0
0
1.36390036
-0.53107927
-0.53107927
1.41603288
-0.41061413
0.41061413
0
0
1.41603288
-0.41061413
0.41061413
1.36390036
-0.53107927
0.53107927
0
0
1.36390036
-0.53107927
0.53107927
1.36390036
0.53107927
-0.53107927
0
0
1.36390036
0.53107927
-0.53107927
1.21828274
0.54093742
-0.54093742
0
0
1.21828274
0.54093742
-0.54093742
1.36390036
0.53107927
0.53107927
0
0
1.36390036
0.53107927
0.53107927
1.36390036
0.53107927
-0.53107927
0
0
1.36390036
0.53107927
-0.53107927
1.41603288
0.41061413
-0.41061413
0
0
1.41603288
0.41061413
-0.41061413
1.36390036
-0.53107927
-0.53107927
0
0
1.36390036
-0.53107927
-0.53107927
1.36390036
0.53107927
0.53107927
0
0
1.36390036
0.53107927
0.53107927
1.41603288
0.41061413
-0.41061413
0
0
1.41603288
0.41061413
-0.41061413
1.36390036
0.53107927
-0.53107927
0
0
1.36390036
0.53107927
-0.53107927
1.41603288
-0.41061413
0.41061413
0
0
1.41603288
-0.41061413
0.41061413
1.36390036
-0.53107927
-0.53107927
0
0
1.36390036
-0.53107927
-0.53107927
1.41603288
-0.41061413
-0.41061413
0
0
1.41603288
-0.41061413
-0.41061413
1.41603288
-0.41061413
0.41061413
0
0
1.41603288
-0.41061413
0.41061413
2.00176197
0.39873156
0.39873156
0
0
2.00176197
0.39873156
0.39873156
1.41603288
0.41061413
0.41061413
0
0
1.41603288
0.41061413
0.41061413
1.41603288
-0.41061413
-0.41061413
0
0
1.41603288
-0.41061413
-0.41061413
1.36390036
-0.53107927
-0.53107927
0
0
1.36390036
-0.53107927
-0.53107927
1.41603288
0.41061413
-0.41061413
0
0
1.41603288
0.41061413
-0.41061413
1.41603288
-0.41061413
-0.41061413
0
0
1.41603288
-0.41061413
-0.41061413
2.00176197
-0.39873156
-0.39873156
0
0
2.00176197
-0.39873156
-0.39873156
1.41603288
-0.41061413
0.41061413
0
0
1.41603288
-0.41061413
0.41061413
1.41603288
0.41061413
-0.41061413
0
0
1.41603288
0.41061413
-0.41061413
1.36390036
0.53107927
0.53107927
0
0
1.36390036
0.53107927
0.53107927
1.41603288
0.41061413
0.41061413
0
0
1.41603288
0.41061413
0.41061413
1.41603288
0.41061413
-0.41061413
0
0
1.41603288
0.41061413
-0.41061413
2.00176197
-0.39873156
-0.39873156
0
0
2.00176197
-0.39873156
-0.39873156
1.41603288
-0.41061413
-0.41061413
0
0
1.41603288
-0.41061413
-0.41061413
1.41603288
0.41061413
0.41061413
0
0
1.41603288
0.41061413
0.41061413
1.36390036
0.53107927
0.53107927
0
0
1.36390036
0.53107927
0.53107927
1.41603288
-0.41061413
0.41061413
0
0
1.41603288
-0.41061413
0.41061413
1.41603288
0.41061413
0.41061413
0
0
1.41603288
0.41061413
0.41061413
2.00176197
0.39873156
0.39873156
0
0
2.00176197
0.39873156
0.39873156
1.41603288
0.41061413
-0.41061413
0
0
1.41603288
0.41061413
-0.41061413
2.00176197
-0.39873156
0.39873156
0
0
2.00176197
-0.39873156
0.39873156
1.41603288
-0.41061413
0.41061413
0
0
1.41603288
-0.41061413
0.41061413
2.00176197
-0.39873156
-0.39873156
0
0
2.00176197
-0.39873156
-0.39873156
2.00176197
-0.39873156
0.39873156
0
0
2.00176197
-0.39873156
0.39873156
2.00176197
0.39873156
0.39873156
0
0
2.00176197
0.39873156
0.39873156
1.41603288
-0.41061413
0.41061413
0
0
1.41603288
-0.41061413
0.41061413
2.00176197
-0.39873156
0.39873156
0
0
2.00176197
-0.39873156
0.39873156
2.81344898
-0.21728037
0.22261065
0
0
2.81344898
-0.21728037
0.22261065
2.00176197
0.39873156
0.39873156
0
0
2.00176197
0.39873156
0.39873156
2.00176197
-0.39873156
-0.39873156
0
0
2.00176197
-0.39873156
-0.39873156
1.41603288
0.41061413
-0.41061413
0
0
1.41603288
0.41061413
-0.41061413
2.00176197
0.39873156
-0.39873156
0
0
2.00176197
0.39873156
-0.39873156
2.00176197
-0.39873156
-0.39873156
0
0
2.00176197
-0.39873156
-0.39873156
2.81344898
-0.21728037
0.22261065
0
0
2.81344898
-0.21728037
0.22261065
2.00176197
-0.39873156
0.39873156
0
0
2.00176197
-0.39873156
0.39873156
2.00176197
0.39873156
-0.39873156
0
0
2.00176197
0.39873156
-0.39873156
1.41603288
0.41061413
-0.41061413
0
0
1.41603288
0.41061413
-0.41061413
2.00176197
0.39873156
0.39873156
0
0
2.00176197
0.39873156
0.39873156
2.00176197
0.39873156
-0.39873156
0
0
2.00176197
0.39873156
-0.39873156
2.73957889
0.22794093
-0.22261065
0
0
2.73957889
0.22794093
-0.22261065
2.00176197
-0.39873156
-0.39873156
0
0
2.00176197
-0.39873156
-0.39873156
2.00176197
0.39873156
0.39873156
0
0
2.00176197
0.39873156
0.39873156
2.73957889
0.22794093
-0.22261065
0
0
2.73957889
0.22794093
-0.22261065
2.00176197
0.39873156
-0.39873156
0
0
2.00176197
0.39873156
-0.39873156
2.81344898
-0.21728037
0.22261065
0
0
2.81344898
-0.21728037
0.22261065
2.00176197
-0.39873156
-0.39873156
0
0
2.00176197
-0.39873156
-0.39873156
2.81344898
-0.21728037
-0.22261065
0
0
2.81344898
-0.21728037
-0.22261065
2.81344898
-0.21728037
0.22261065
0
0
2.81344898
-0.21728037
0.22261065
5.30375377
0.27996852
0.22354987
0
0
5.30375377
0.27996852
0.22354987
2.73957889
0.22794093
0.22261065
0
0
2.73957889
0.22794093
0.22261065
2.81344898
-0.21728037
-0.22261065
0
0
2.81344898
-0.21728037
-0.22261065
2.00176197
-0.39873156
-0.39873156
0
0
2.00176197
-0.39873156
-0.39873156
2.73957889
0.22794093
-0.22261065
0
0
2.73957889
0.22794093
-0.22261065
2.81344898
-0.21728037
-0.22261065
0
0
2.81344898
-0.21728037
-0.22261065
7.7028673
-0.19352264
-0.2048939
0
0
7.7028673
-0.19352264
-0.2048939
2.81344898
-0.21728037
0.22261065
0
0
2.81344898
-0.21728037
0.22261065
2.81344898
-0.21728037
-0.22261065
0
0
2.81344898
-0.21728037
-0.22261065
5.30375377
0.25881507
-0.22354987
0
0
5.30375377
0.25881507
-0.22354987
7.7028673
-0.19352264
-0.2048939
0
0
7.7028673
-0.19352264
-0.2048939
2.73957889
0.22794093
-0.22261065
0
0
2.73957889
0.22794093
-0.22261065
2.00176197
0.39873156
0.39873156
0
0
2.00176197
0.39873156
0.39873156
2.73957889
0.22794093
0.22261065
0
0
2.73957889
0.22794093
0.22261065
2.73957889
0.22794093
-0.22261065
0
0
2.73957889
0.22794093
-0.22261065
5.30375377
0.25881507
-0.22354987
0
0
5.30375377
0.25881507
-0.22354987
2.81344898
-0.21728037
-0.22261065
0
0
2.81344898
-0.21728037
-0.22261065
2.73957889
0.22794093
0.22261065
0
0
2.73957889
0.22794093
0.22261065
2.00176197
0.39873156
0.39873156
0
0
2.00176197
0.39873156
0.39873156
2.81344898
-0.21728037
0.22261065
0
0
2.81344898
-0.21728037
0.22261065
2.73957889
0.22794093
0.22261065
0
0
2.73957889
0.22794093
0.22261065
5.30375377
0.25881507
-0.22354987
0
0
5.30375377
0.25881507
-0.22354987
2.73957889
0.22794093
-0.22261065
0
0
2.73957889
0.22794093
-0.22261065
7.7028673
-0.19352264
0.2048939
0
0
7.7028673
-0.19352264
0.2048939
2.81344898
-0.21728037
0.22261065
0
0
2.81344898
-0.21728037
0.22261065
7.7028673
-0.19352264
-0.2048939
0
0
7.7028673
-0.19352264
-0.2048939
7.7028673
-0.19352264
0.2048939
0
0
7.7028673
-0.19352264
0.2048939
5.30375377
0.27996852
0.22354987
0
0
5.30375377
0.27996852
0.22354987
2.81344898
-0.21728037
0.22261065
0
0
2.81344898
-0.21728037
0.22261065
7.7028673
-0.19352264
-0.2048939
0
0
7.7028673
-0.19352264
-0.2048939
7.95936068
0.2551173
0.22354987
0
0
7.95936068
0.2551173
0.22354987
7.7028673
-0.19352264
0.2048939
0
0
7.7028673
-0.19352264
0.2048939
7.7028673
-0.19352264
-0.2048939
0
0
7.7028673
-0.19352264
-0.2048939
6.68388187
0.31279512
-0.23474346
0
0
6.68388187
0.31279512
-0.23474346
7.95936068
0.2943777
-0.22354987
0
0
7.95936068
0.2943777
-0.22354987
7.95936068
0.2943777
-0.22354987
0
0
7.95936068
0.2943777
-0.22354987
7.95936068
0.2551173
0.22354987
0
0
7.95936068
0.2551173
0.22354987
7.7028673
-0.19352264
-0.2048939
0
0
7.7028673
-0.19352264
-0.2048939
7.95936068
0.2943777
-0.22354987
0
0
7.95936068
0.2943777
-0.22354987
8.05169829
1.24196447
-0.22621501
0
0
8.05169829
1.24196447
-0.22621501
8.10094502
0.31836535
0.0
0
0
8.10094502
0.31836535
0.0
7.95936068
0.2551173
0.22354987
0
0
7.95936068
0.2551173
0.22354987
7.95936068
0.2943777
-0.22354987
0
0
7.95936068
0.2943777
-0.22354987
8.10094502
0.31836535
0.0
0
0
8.10094502
0.31836535
0.0
7.95936068
0.2551173
0.22354987
0
0
7.95936068
0.2551173
0.22354987
6.68388187
0.29830956
0.23474346
0
0
6.68388187
0.29830956
0.23474346
7.7028673
-0.19352264
0.2048939
0
0
7.7028673
-0.19352264
0.2048939
7.95936068
0.2551173
0.22354987
0
0
7.95936068
0.2551173
0.22354987
8.05169829
0.68656566
0.22621501
0
0
8.05169829
0.68656566
0.22621501
6.68388187
0.29830956
0.23474346
0
0
6.68388187
0.29830956
0.23474346
5.30375377
0.27996852
0.22354987
0
0
5.30375377
0.27996852
0.22354987
7.7028673
-0.19352264
0.2048939
0
0
7.7028673
-0.19352264
0.2048939
6.68388187
0.29830956
0.23474346
0
0
6.68388187
0.29830956
0.23474346
5.30375377
0.27996852
0.22354987
0
0
5.30375377
0.27996852
0.22354987
5.30375377
0.25881507
-0.22354987
0
0
5.30375377
0.25881507
-0.22354987
2.73957889
0.22794093
0.22261065
0
0
2.73957889
0.22794093
0.22261065
5.30375377
0.27996852
0.22354987
0
0
5.30375377
0.27996852
0.22354987
5.43918227
0.85715244
0.22621501
0
0
5.43918227
0.85715244
0.22621501
5.33083947
0.29956209
0.0
0
0
5.33083947
0.29956209
0.0
5.30375377
0.25881507
-0.22354987
0
0
5.30375377
0.25881507
-0.22354987
5.43918227
0.55790425
-0.22621501
0
0
5.43918227
0.55790425
-0.22621501
6.68388187
0.31279512
-0.23474346
0
0
6.68388187
0.31279512
-0.23474346
8.10094502
0.31836535
0.0
0
0
8.10094502
0.31836535
0.0
6.8685571
1.24196447
-0.021321111
0
0
6.8685571
1.24196447
-0.021321111
6.74544028
0.33071695
0.0
0
0
6.74544028
0.33071695
0.0
8.10094502
0.31836535
0.0
0
0
8.10094502
0.31836535
0.0
8.05169829
0.68656566
0.22621501
0
0
8.05169829
0.68656566
0.22621501
7.95936068
0.2551173
0.22354987
0
0
7.95936068
0.2551173
0.22354987
6.68388187
0.29830956
0.23474346
0
0
6.68388187
0.29830956
0.23474346
5.43918227
0.85715244
0.22621501
0
0
5.43918227
0.85715244
0.22621501
5.30375377
0.27996852
0.22354987
0
0
5.30375377
0.27996852
0.22354987
6.68388187
0.29830956
0.23474346
0
0
6.68388187
0.29830956
0.23474346
6.8685571
0.68656566
0.021321111
0
0
6.8685571
0.68656566
0.021321111
6.74544028
0.33071695
0.0
0
0
6.74544028
0.33071695
0.0
6.68388187
0.31279512
-0.23474346
0
0
6.68388187
0.31279512
-0.23474346
7.7028673
-0.19352264
-0.2048939
0
0
7.7028673
-0.19352264
-0.2048939
5.30375377
0.25881507
-0.22354987
0
0
5.30375377
0.25881507
-0.22354987
6.68388187
0.31279512
-0.23474346
0
0
6.68388187
0.31279512
-0.23474346
6.62232346
0.55790425
-0.021321111
0
0
6.62232346
0.55790425
-0.021321111
6.74544028
0.33071695
0.0
0
0
6.74544028
0.33071695
0.0
6.68388187
0.31279512
-0.23474346
0
0
6.68388187
0.31279512
-0.23474346
8.05169829
1.24196447
-0.22621501
0
0
8.05169829
1.24196447
-0.22621501
7.95936068
0.2943777
-0.22354987
0
0
7.95936068
0.2943777
-0.22354987
5.33083947
0.29956209
0.0
0
0
5.33083947
0.29956209
0.0
5.30375377
0.25881507
-0.22354987
0
0
5.30375377
0.25881507
-0.22354987
5.30375377
0.27996852
0.22354987
0
0
5.30375377
0.27996852
0.22354987
5.33083947
0.29956209
0.0
0
0
5.33083947
0.29956209
0.0
5.43918227
0.55790425
-0.22621501
0
0
5.43918227
0.55790425
-0.22621501
5.30375377
0.25881507
-0.22354987
0
0
5.30375377
0.25881507
-0.22354987
5.33083947
0.29956209
0.0
0
0
5.33083947
0.29956209
0.0
6.62232346
0.85715244
0.021321111
0
0
6.62232346
0.85715244
0.021321111
6.74544028
0.33071695
0.0
0
0
6.74544028
0.33071695
0.0
6.74544028
0.33071695
0.0
0
0
6.74544028
0.33071695
0.0
6.62232346
0.55790425
-0.021321111
0
0
6.62232346
0.55790425
-0.021321111
5.33083947
0.29956209
0.0
0
0
5.33083947
0.29956209
0.0
6.74544028
0.33071695
0.0
0
0
6.74544028
0.33071695
0.0
6.62232346
0.85715244
0.021321111
0
0
6.62232346
0.85715244
0.021321111
6.68388187
0.29830956
0.23474346
0
0
6.68388187
0.29830956
0.23474346
6.74544028
0.33071695
0.0
0
0
6.74544028
0.33071695
0.0
6.8685571
1.24196447
-0.021321111
0
0
6.8685571
1.24196447
-0.021321111
6.68388187
0.31279512
-0.23474346
0
0
6.68388187
0.31279512
-0.23474346
6.74544028
0.33071695
0.0
0
0
6.74544028
0.33071695
0.0
6.8685571
0.68656566
0.021321111
0
0
6.8685571
0.68656566
0.021321111
8.10094502
0.31836535
0.0
0
0
8.10094502
0.31836535
0.0
6.62232346
0.55790425
-0.22621501
0
0
6.62232346
0.55790425
-0.22621501
6.68388187
0.31279512
-0.23474346
0
0
6.68388187
0.31279512
-0.23474346
5.43918227
0.55790425
-0.22621501
0
0
5.43918227
0.55790425
-0.22621501
6.62232346
0.55790425
-0.22621501
0
0
6.62232346
0.55790425
-0.22621501
6.62232346
0.55790425
-0.021321111
0
0
6.62232346
0.55790425
-0.021321111
6.68388187
0.31279512
-0.23474346
0
0
6.68388187
0.31279512
-0.23474346
5.43918227
0.55790425
-0.22621501
0
0
5.43918227
0.55790425
-0.22621501
5.33083947
0.29956209
0.0
0
0
5.33083947
0.29956209
0.0
5.43918227
0.55790425
-0.021321111
0
0
5.43918227
0.55790425
-0.021321111
5.43918227
0.55790425
-0.22621501
0
0
5.43918227
0.55790425
-0.22621501
6.62232346
0.55790425
-0.021321111
0
0
6.62232346
0.55790425
-0.021321111
6.62232346
0.55790425
-0.22621501
0
0
6.62232346
0.55790425
-0.22621501
5.43918227
0.55790425
-0.021321111
0
0
5.43918227
0.55790425
-0.021321111
5.33083947
0.29956209
0.0
0
0
5.33083947
0.29956209
0.0
6.62232346
0.55790425
-0.021321111
0
0
6.62232346
0.55790425
-0.021321111
5.43918227
0.55790425
-0.021321111
0
0
5.43918227
0.55790425
-0.021321111
6.62232346
0.55790425
-0.021321111
0
0
6.62232346
0.55790425
-0.021321111
5.43918227
0.55790425
-0.22621501
0
0
5.43918227
0.55790425
-0.22621501
5.43918227
0.85715244
0.22621501
0
0
5.43918227
0.85715244
0.22621501
6.68388187
0.29830956
0.23474346
0
0
6.68388187
0.29830956
0.23474346
6.62232346
0.85715244
0.22621501
0
0
6.62232346
0.85715244
0.22621501
6.62232346
0.85715244
0.22621501
0
0
6.62232346
0.85715244
0.22621501
6.68388187
0.29830956
0.23474346
0
0
6.68388187
0.29830956
0.23474346
6.62232346
0.85715244
0.021321111
0
0
6.62232346
0.85715244
0.021321111
6.62232346
0.85715244
0.22621501
0
0
6.62232346
0.85715244
0.22621501
6.62232346
0.85715244
0.021321111
0
0
6.62232346
0.85715244
0.021321111
5.43918227
0.85715244
0.22621501
0
0
5.43918227
0.85715244
0.22621501
6.62232346
0.85715244
0.021321111
0
0
6.62232346
0.85715244
0.021321111
5.33083947
0.29956209
0.0
0
0
5.33083947
0.29956209
0.0
5.43918227
0.85715244
0.021321111
0
0
5.43918227
0.85715244
0.021321111
5.43918227
0.85715244
0.021321111
0
0
5.43918227
0.85715244
0.021321111
5.33083947
0.29956209
0.0
0
0
5.33083947
0.29956209
0.0
5.43918227
0.85715244
0.22621501
0
0
5.43918227
0.85715244
0.22621501
5.43918227
0.85715244
0.021321111
0
0
5.43918227
0.85715244
0.021321111
5.43918227
0.85715244
0.22621501
0
0
5.43918227
0.85715244
0.22621501
6.62232346
0.85715244
0.021321111
0
0
6.62232346
0.85715244
0.021321111
8.05169829
1.24196447
-0.021321111
0
0
8.05169829
1.24196447
-0.021321111
8.10094502
0.31836535
0.0
0
0
8.10094502
0.31836535
0.0
8.05169829
1.24196447
-0.22621501
0
0
8.05169829
1.24196447
-0.22621501
8.05169829
1.24196447
-0.021321111
0
0
8.05169829
1.24196447
-0.021321111
6.8685571
1.24196447
-0.021321111
0
0
6.8685571
1.24196447
-0.021321111
8.10094502
0.31836535
0.0
0
0
8.10094502
0.31836535
0.0
8.05169829
1.24196447
-0.22621501
0
0
8.05169829
1.24196447
-0.22621501
6.68388187
0.31279512
-0.23474346
0
0
6.68388187
0.31279512
-0.23474346
6.8685571
1.24196447
-0.22621501
0
0
6.8685571
1.24196447
-0.22621501
8.05169829
1.24196447
-0.22621501
0
0
8.05169829
1.24196447
-0.22621501
6.8685571
1.24196447
-0.021321111
0
0
6.8685571
1.24196447
-0.021321111
8.05169829
1.24196447
-0.021321111
0
0
8.05169829
1.24196447
-0.021321111
6.8685571
1.24196447
-0.22621501
0
0
6.8685571
1.24196447
-0.22621501
6.68388187
0.31279512
-0.23474346
0
0
6.68388187
0.31279512
-0.23474346
6.8685571
1.24196447
-0.021321111
0
0
6.8685571
1.24196447
-0.021321111
6.8685571
1.24196447
-0.22621501
0
0
6.8685571
1.24196447
-0.22621501
6.8685571
1.24196447
-0.021321111
0
0
6.8685571
1.24196447
-0.021321111
8.05169829
1.24196447
-0.22621501
0
0
8.05169829
1.24196447
-0.22621501
8.05169829
0.68656566
0.22621501
0
0
8.05169829
0.68656566
0.22621501
8.10094502
0.31836535
0.0
0
0
8.10094502
0.31836535
0.0
8.05169829
0.68656566
0.021321111
0
0
8.05169829
0.68656566
0.021321111
8.05169829
0.68656566
0.021321111
0
0
8.05169829
0.68656566
0.021321111
8.10094502
0.31836535
0.0
0
0
8.10094502
0.31836535
0.0
6.8685571
0.68656566
0.021321111
0
0
6.8685571
0.68656566
0.021321111
8.05169829
0.68656566
0.021321111
0
0
8.05169829
0.68656566
0.021321111
6.8685571
0.68656566
0.021321111
0
0
6.8685571
0.68656566
0.021321111
8.05169829
0.68656566
0.22621501
0
0
8.05169829
0.68656566
0.22621501
6.8685571
0.68656566
0.021321111
0
0
6.8685571
0.68656566
0.021321111
6.68388187
0.29830956
0.23474346
0
0
6.68388187
0.29830956
0.23474346
6.8685571
0.68656566
0.22621501
0
0
6.8685571
0.68656566
0.22621501
6.8685571
0.68656566
0.22621501
0
0
6.8685571
0.68656566
0.22621501
6.68388187
0.29830956
0.23474346
0
0
6.68388187
0.29830956
0.23474346
8.05169829
0.68656566
0.22621501
0
0
8.05169829
0.68656566
0.22621501
6.8685571
0.68656566
0.22621501
0
0
6.8685571
0.68656566
0.22621501
8.05169829
0.68656566
0.22621501
0
0
8.05169829
0.68656566
0.22621501
6.8685571
0.68656566
0.021321111
0
0
6.8685571
0.68656566
0.021321111
